123456789012345678901234567890123456789012345678901234567890123456789012345678901234567890123456789
23456789012345678901234567890123456789012345678901234567890123456789012345678901234567890123456789
3456789012345678901234567890123456789012345678901234567890123456789012345678901234567890123456789
456789012345678901234567890123456789012345678901234567890123456789012345678901234567890123456789
56789012345678901234567890123456789012345678901234567890123456789012345678901234567890123456789
6789012345678901234567890123456789012345678901234567890123456789012345678901234567890123456789
789012345678901234567890123456789012345678901234567890123456789012345678901234567890123456789
89012345678901234567890123456789012345678901234567890123456789012345678901234567890123456789
9012345678901234567890123456789012345678901234567890123456789012345678901234567890123456789
012345678901234567890123456789012345678901234567890123456789012345678901234567890123456789
123456789012345678901234567890123456789012345678901234567890123456789012345678901234567890123456789
23456789012345678901234567890123456789012345678901234567890123456789012345678901234567890123456789
3456789012345678901234567890123456789012345678901234567890123456789012345678901234567890123456789
456789012345678901234567890123456789012345678901234567890123456789012345678901234567890123456789
56789012345678901234567890123456789012345678901234567890123456789012345678901234567890123456789
6789012345678901234567890123456789012345678901234567890123456789012345678901234567890123456789
789012345678901234567890123456789012345678901234567890123456789012345678901234567890123456789
89012345678901234567890123456789012345678901234567890123456789012345678901234567890123456789
9012345678901234567890123456789012345678901234567890123456789012345678901234567890123456789
012345678901234567890123456789012345678901234567890123456789012345678901234567890123456789
123456789012345678901234567890123456789012345678901234567890123456789012345678901234567890123456789
23456789012345678901234567890123456789012345678901234567890123456789012345678901234567890123456789
3456789012345678901234567890123456789012345678901234567890123456789012345678901234567890123456789
456789012345678901234567890123456789012345678901234567890123456789012345678901234567890123456789
56789012345678901234567890123456789012345678901234567890123456789012345678901234567890123456789
6789012345678901234567890123456789012345678901234567890123456789012345678901234567890123456789
789012345678901234567890123456789012345678901234567890123456789012345678901234567890123456789
89012345678901234567890123456789012345678901234567890123456789012345678901234567890123456789
9012345678901234567890123456789012345678901234567890123456789012345678901234567890123456789
012345678901234567890123456789012345678901234567890123456789012345678901234567890123456789
123456789012345678901234567890123456789012345678901234567890123456789012345678901234567890123456789
23456789012345678901234567890123456789012345678901234567890123456789012345678901234567890123456789
3456789012345678901234567890123456789012345678901234567890123456789012345678901234567890123456789
456789012345678901234567890123456789012345678901234567890123456789012345678901234567890123456789
56789012345678901234567890123456789012345678901234567890123456789012345678901234567890123456789
6789012345678901234567890123456789012345678901234567890123456789012345678901234567890123456789
789012345678901234567890123456789012345678901234567890123456789012345678901234567890123456789
89012345678901234567890123456789012345678901234567890123456789012345678901234567890123456789
9012345678901234567890123456789012345678901234567890123456789012345678901234567890123456789
012345678901234567890123456789012345678901234567890123456789012345678901234567890123456789
123456789012345678901234567890123456789012345678901234567890123456789012345678901234567890123456789
23456789012345678901234567890123456789012345678901234567890123456789012345678901234567890123456789
3456789012345678901234567890123456789012345678901234567890123456789012345678901234567890123456789
456789012345678901234567890123456789012345678901234567890123456789012345678901234567890123456789
56789012345678901234567890123456789012345678901234567890123456789012345678901234567890123456789
6789012345678901234567890123456789012345678901234567890123456789012345678901234567890123456789
789012345678901234567890123456789012345678901234567890123456789012345678901234567890123456789
89012345678901234567890123456789012345678901234567890123456789012345678901234567890123456789
9012345678901234567890123456789012345678901234567890123456789012345678901234567890123456789
012345678901234567890123456789012345678901234567890123456789012345678901234567890123456789
123456789012345678901234567890123456789012345678901234567890123456789012345678901234567890123456789
23456789012345678901234567890123456789012345678901234567890123456789012345678901234567890123456789
3456789012345678901234567890123456789012345678901234567890123456789012345678901234567890123456789
456789012345678901234567890123456789012345678901234567890123456789012345678901234567890123456789
56789012345678901234567890123456789012345678901234567890123456789012345678901234567890123456789
6789012345678901234567890123456789012345678901234567890123456789012345678901234567890123456789
789012345678901234567890123456789012345678901234567890123456789012345678901234567890123456789
89012345678901234567890123456789012345678901234567890123456789012345678901234567890123456789
9012345678901234567890123456789012345678901234567890123456789012345678901234567890123456789
012345678901234567890123456789012345678901234567890123456789012345678901234567890123456789
123456789012345678901234567890123456789012345678901234567890123456789012345678901234567890123456789
23456789012345678901234567890123456789012345678901234567890123456789012345678901234567890123456789
3456789012345678901234567890123456789012345678901234567890123456789012345678901234567890123456789
456789012345678901234567890123456789012345678901234567890123456789012345678901234567890123456789
56789012345678901234567890123456789012345678901234567890123456789012345678901234567890123456789
6789012345678901234567890123456789012345678901234567890123456789012345678901234567890123456789
789012345678901234567890123456789012345678901234567890123456789012345678901234567890123456789
89012345678901234567890123456789012345678901234567890123456789012345678901234567890123456789
9012345678901234567890123456789012345678901234567890123456789012345678901234567890123456789
012345678901234567890123456789012345678901234567890123456789012345678901234567890123456789
123456789012345678901234567890123456789012345678901234567890123456789012345678901234567890123456789
23456789012345678901234567890123456789012345678901234567890123456789012345678901234567890123456789
3456789012345678901234567890123456789012345678901234567890123456789012345678901234567890123456789
456789012345678901234567890123456789012345678901234567890123456789012345678901234567890123456789
