12345678901234567890123456789012345678901234567890123456789012345678901234567890123456789012345678901234567
2345678901234567890123456789012345678901234567890123456789012345678901234567890123456789012345678901234567
345678901234567890123456789012345678901234567890123456789012345678901234567890123456789012345678901234567
45678901234567890123456789012345678901234567890123456789012345678901234567890123456789012345678901234567
5678901234567890123456789012345678901234567890123456789012345678901234567890123456789012345678901234567
678901234567890123456789012345678901234567890123456789012345678901234567890123456789012345678901234567
78901234567890123456789012345678901234567890123456789012345678901234567890123456789012345678901234567
8901234567890123456789012345678901234567890123456789012345678901234567890123456789012345678901234567
901234567890123456789012345678901234567890123456789012345678901234567890123456789012345678901234567
01234567890123456789012345678901234567890123456789012345678901234567890123456789012345678901234567
12345678901234567890123456789012345678901234567890123456789012345678901234567890123456789012345678901234567
2345678901234567890123456789012345678901234567890123456789012345678901234567890123456789012345678901234567
345678901234567890123456789012345678901234567890123456789012345678901234567890123456789012345678901234567
45678901234567890123456789012345678901234567890123456789012345678901234567890123456789012345678901234567
5678901234567890123456789012345678901234567890123456789012345678901234567890123456789012345678901234567
678901234567890123456789012345678901234567890123456789012345678901234567890123456789012345678901234567
78901234567890123456789012345678901234567890123456789012345678901234567890123456789012345678901234567
8901234567890123456789012345678901234567890123456789012345678901234567890123456789012345678901234567
901234567890123456789012345678901234567890123456789012345678901234567890123456789012345678901234567
01234567890123456789012345678901234567890123456789012345678901234567890123456789012345678901234567
12345678901234567890123456789012345678901234567890123456789012345678901234567890123456789012345678901234567
2345678901234567890123456789012345678901234567890123456789012345678901234567890123456789012345678901234567
345678901234567890123456789012345678901234567890123456789012345678901234567890123456789012345678901234567
45678901234567890123456789012345678901234567890123456789012345678901234567890123456789012345678901234567
5678901234567890123456789012345678901234567890123456789012345678901234567890123456789012345678901234567
678901234567890123456789012345678901234567890123456789012345678901234567890123456789012345678901234567
78901234567890123456789012345678901234567890123456789012345678901234567890123456789012345678901234567
8901234567890123456789012345678901234567890123456789012345678901234567890123456789012345678901234567
901234567890123456789012345678901234567890123456789012345678901234567890123456789012345678901234567
01234567890123456789012345678901234567890123456789012345678901234567890123456789012345678901234567
12345678901234567890123456789012345678901234567890123456789012345678901234567890123456789012345678901234567
2345678901234567890123456789012345678901234567890123456789012345678901234567890123456789012345678901234567
345678901234567890123456789012345678901234567890123456789012345678901234567890123456789012345678901234567
45678901234567890123456789012345678901234567890123456789012345678901234567890123456789012345678901234567
5678901234567890123456789012345678901234567890123456789012345678901234567890123456789012345678901234567
678901234567890123456789012345678901234567890123456789012345678901234567890123456789012345678901234567
78901234567890123456789012345678901234567890123456789012345678901234567890123456789012345678901234567
8901234567890123456789012345678901234567890123456789012345678901234567890123456789012345678901234567
901234567890123456789012345678901234567890123456789012345678901234567890123456789012345678901234567
01234567890123456789012345678901234567890123456789012345678901234567890123456789012345678901234567
12345678901234567890123456789012345678901234567890123456789012345678901234567890123456789012345678901234567
2345678901234567890123456789012345678901234567890123456789012345678901234567890123456789012345678901234567
345678901234567890123456789012345678901234567890123456789012345678901234567890123456789012345678901234567
45678901234567890123456789012345678901234567890123456789012345678901234567890123456789012345678901234567
5678901234567890123456789012345678901234567890123456789012345678901234567890123456789012345678901234567
678901234567890123456789012345678901234567890123456789012345678901234567890123456789012345678901234567
78901234567890123456789012345678901234567890123456789012345678901234567890123456789012345678901234567
8901234567890123456789012345678901234567890123456789012345678901234567890123456789012345678901234567
901234567890123456789012345678901234567890123456789012345678901234567890123456789012345678901234567
01234567890123456789012345678901234567890123456789012345678901234567890123456789012345678901234567
12345678901234567890123456789012345678901234567890123456789012345678901234567890123456789012345678901234567
2345678901234567890123456789012345678901234567890123456789012345678901234567890123456789012345678901234567
345678901234567890123456789012345678901234567890123456789012345678901234567890123456789012345678901234567
45678901234567890123456789012345678901234567890123456789012345678901234567890123456789012345678901234567
5678901234567890123456789012345678901234567890123456789012345678901234567890123456789012345678901234567
678901234567890123456789012345678901234567890123456789012345678901234567890123456789012345678901234567
78901234567890123456789012345678901234567890123456789012345678901234567890123456789012345678901234567
8901234567890123456789012345678901234567890123456789012345678901234567890123456789012345678901234567
901234567890123456789012345678901234567890123456789012345678901234567890123456789012345678901234567
01234567890123456789012345678901234567890123456789012345678901234567890123456789012345678901234567
12345678901234567890123456789012345678901234567890123456789012345678901234567890123456789012345678901234567
2345678901234567890123456789012345678901234567890123456789012345678901234567890123456789012345678901234567
345678901234567890123456789012345678901234567890123456789012345678901234567890123456789012345678901234567
45678901234567890123456789012345678901234567890123456789012345678901234567890123456789012345678901234567
5678901234567890123456789012345678901234567890123456789012345678901234567890123456789012345678901234567
678901234567890123456789012345678901234567890123456789012345678901234567890123456789012345678901234567
78901234567890123456789012345678901234567890123456789012345678901234567890123456789012345678901234567
8901234567890123456789012345678901234567890123456789012345678901234567890123456789012345678901234567
901234567890123456789012345678901234567890123456789012345678901234567890123456789012345678901234567
01234567890123456789012345678901234567890123456789012345678901234567890123456789012345678901234567
12345678901234567890123456789012345678901234567890123456789012345678901234567890123456789012345678901234567
2345678901234567890123456789012345678901234567890123456789012345678901234567890123456789012345678901234567
345678901234567890123456789012345678901234567890123456789012345678901234567890123456789012345678901234567
45678901234567890123456789012345678901234567890123456789012345678901234567890123456789012345678901234567
5678901234567890123456789012345678901234567890123456789012345678901234567890123456789012345678901234567
